475.004
135.878
72.6285
-40.8364
58.0985
63.3185
165.218
-57.7518
128.832
-116.192
105.223
-171.87
-66.586
102.047
-10.0054
-37.7547
-14.0149
-162.703
27.4671
-90.0809
72.4393
79.1473
-112.176
-59.008
-247.995
68.0828
-197.419
9.32899
-11.5403
10.4669
-67.5563
107.401
1.98567
80.8954
55.7731
-128.826
-28.9603
-8.62925
-118.719
-1.7683
-85.5987
-56.531
6.21618
244.692
62.2055
126.596
-63.7896
68.4457
-63.8931
-91.2483
85.1573
-91.4321
69.4023
1.20239
-53.218
183.544
199.061
103.014
-30.5236
4.88915
45.0761
73.1125
-16.8808
106.558
29.9904
-139.826
69.7719
40.1877
-78.1611
-73.8463
36.5701
-51.8699
126.452
81.3497
34.2249
162.018
-25.9826
-65.7382
-62.6226
55.6915
-68.778
-29.2537
162.356
-186.191
-91.0572
67.5342
10.2211
-119.875
146.174
-152.439
61.4669
8.07351
239.677
81.7626
-135.528
56.6219
152.6
-64.2
140.72
61.4974
113.036
199.232
28.0142
-25.4139
-5.70285
72.83
-71.3619
-17.4274
61.5406
-106.566
-43.9061
87.5819
40.9499
148.877
23.8068
37.0241
81.0321
-35.2594
42.9371
11.7163
-155.351
9.88129
-7.08559
-49.0499
122.856
-65.5422
112.588
-22.7507
78.9601
69.2115
16.6965
20.4726
-203.479
-170.285
-28.5836
-105.887
27.1714
-3.12232
-85.901
-145.444
0.264001
-131.418
-59.5585
-72.2844
-214.593
-9.8853
18.1822
52.7829
43.5605
-57.0846
163.986
-16.646
-64.7722
21.3271
-87.2861
78.61
-159.088
-50.4671
207.35
-88.881
-0.636475
-163.239
94.1305
-48.0227
-246.642
-127.723
-53.2314
23.6492
-81.0118
6.25097
-49.1337
148.222
-26.0466
-150.64
-92.1294
-90.474
-142.214
78.5435
-67.4161
78.0908
-44.3248
9.75591
10.4359
-28.5773
-39.7185
82.9332
36.5953
38.9918
-49.9334
50.9486
-112.061
-42.6571
-72.0393
221.177
88.9602
-110.682
-62.1005
-16.8797
11.1388
-17.6946
-6.73913
-94.2086
47.623
-86.746
113.142
10.3234
42.7537
-129.521
72.0161
133.807
-193.845
-67.832
99.0305
-74.5089
-140.674
25.0362
3.37218
-122.681
-27.3942
251.415
23.4926
-25.7509
-82.8993
-33.3134
76.9346
-99.4539
-136.507
-38.2152
121.853
-20.6969
27.7166
104.67
-65.6284
-144.06
-103.825
-45.5476
133.149
-168.235
-172.412
-131.34
-97.5954
104.011
-142.23
62.2633
-84.6375
-32.6927
-30.8862
-195.695
114.27
-50.4698
-29.0574
-123.486
-148.887
-43.8298
-78.2761
-9.40664
-66.2943
-29.269
-101.803
-98.7817
-181.141
-104.888
-177.643
-87.2499
-142.306
-79.5764
-27.6102
-8.3312
-36.5085
-13.3002
-37.1696
-15.7956
-10.7427
-143.39
-98.4552
-10.2425
9.26258
78.4104
-53.5844
90.2012
-153.21
119.363
-235.454
-67.9007
-87.0803
41.5728
30.0212
3.57049
81.4333
-242.76
-207.541
-157.284
-152.038
42.2349
-91.3949
-45.54
127.978
-263.88
36.0288
5.15573
34.9983
160.561
-179.32
-43.264
-60.716
-19.2223
-27.1764
-70.3959
-115.988
-193.692
-106.749
-228.35
-132.528
-36.3355
-189.52
-93.8415
-97.5458
-156.208
-75.7193
-194.333
-131.598
-84.2894
-59.1129
42.3501
-145.819
79.1563
-12.5283
-89.7451
-11.3418
21.6582
16.0043
-1.87516
-36.5242
30.9987
-161.817
-0.253953
-269.988
-91.3636
-90.3253
77.348
-56.3176
-1.68974
-157.591
-7.17674
-131.251
-208.945
-53.7999
-34.5407
-108.426
11.0977
-58.9888
-165.532
-8.81913
-7.49559
-13.6056
40.3888
-107.292
139.446
-119.18
-205.773
-48.6976
-83.4287
10.1521
-8.86404
-18.535
-46.5107
-30.1968
14.6353
-112.739
-108.669
-122.567
-70.7765
-119.309
-41.4485
62.5629
50.7419
81.1953
-18.5527
7.48099
0.838552
-161.873
-92.1265
-89.8657
-86.061
-56.9993
-17.0065
-105.863
31.485
-86.9386
-39.4459
-89.7892
115.074
-220.108
-148.85
17.1206
-50.9027
-252.282
138.082
-96.4679
-98.6372
-141.192
153.054
67.4315
-137.415
-178.854
25.3009
-88.7215
-28.9844
-44.1594
-116.248
-37.0533
96.7991
-21.7336
-171.24
82.3236
-103.042
-121.313
86.3435
55.7499
-117.729
68.0905
-17.4394
-65.5998
23.2127
23.3154
-66.777
-108.782
-139.689
-10.7814
61.9571
78.2561
-229.673
-4.96276
-119.553
135.25
-65.0941
17.7026
1.82738
-89.9823
-129.422
-84.2793
-56.1304
-15.5776
-37.1923
-2.2651
-58.5536
-43.9347
-22.3934
-67.138
-32.6171
-38.6617
21.0172
-142.097
15.5247
-53.5354
3.35701
-213.236
-180.879
7.34852
-224.123
23.91
-73.8451
29.2113
85.3643
-102.745
-119.426
120.964
-298.45
-54.8814
125.977
-197.687
-241.332
101.157
60.0992
-62.7557
120.005
-3.53302
-128.408
84.9682
-185.54
-98.8441
-112.745
-296.754
-145.339
154.038
-129.748
-77.7438
48.2894
-100.874
163.111
-32.2502
-17.7517
-10.1689
-64.6284
-165.33
31.0731
172.784
14.764
22.1903
97.2671
73.6601
-117.342
-25.9596
-92.7732
-42.2175
-237.731
-52.8355
-45.706
1.97873
-198.149
-148.657
-12.1633
225.152
-0.611958
-8.72955
-122.744
-33.1236
-90.8022
37.4953
87.6284
1.72149
40.6278
36.6422
30.0888
-46.1006
163.438
-68.6162
-46.1966
-115.887
-2.46444
-43.0038
-94.0124
-96.9401
21.0477
10.4603
27.1808
-54.1322
-93.1728
-46.6951
-34.1799
78.1809
-183.152
-95.8026
-50.0098
-132.599
-76.0376
-207.316
-93.5622
-48.7425
52.4339
-0.440353
-49.9893
-197.3
-104.411
-77.037
-121.676
-183.689
-152.109
-78.3667
-227.236
-183.452
-48.1587
-206.641
-265.849
-355.392
-270.972
13.2495
-109.315
-36.1196
-15.7538
-58.6078
97.3256
55.7563
-19.5955
165.582
-143.682
-67.1607
83.3107
27.1759
128.31
-3.19022
-263.828
-56.6508
-158.987
-81.4456
-99.7178
-67.1022
-140.154
-163.25
-173.465
-42.6815
-113.668
94.582
-13.0298
14.8932
-17.4014
7.80878
69.3507
38.5339
-39.7311
-5.75731
-61.8342
36.5171
-213.653
-103.878
-41.2094
70.3138
-38.7213
-53.3897
-102.614
144.297
-130.883
-15.2967
-11.3789
65.1671
27.5564
-139.945
-13.2623
26.7521
-89.5038
244.482
123.092
38.4044
-20.3811
-41.5709
-85.9956
-146.241
29.0477
-94.8412
25.4848
138.15
5.39644
-116.428
-16.18
74.901
109.925
55.8719
154.495
-85.6821
-129.381
48.2363
-78.2209
120.96
120.348
-82.341
17.2468
0.332875
186.852
80.8113
42.3021
-28.7123
-21.3052
-19.3901
-5.24051
-30.4458
-68.9776
-76.4755
12.4543
-187.762
-53.1957
35.6795
-71.87
336.736
-84.092
123.234
17.35
-149.634
-125.778
-56.6161
-78.4576
104.008
-127.671
-2.1657
133.385
82.4918
-25.5688
105.704
-37.7268
-157.937
-105.381
105.522
-68.6395
-97.1106
24.9057
-71.4694
-153.459
-31.372
61.1644
5.68328
-107.036
-8.02253
-147.302
39.1347
13.0501
112.577
21.0971
119.136
38.2355
44.0302
-58.1236
-136.63
150.003
99.7871
-86.4755
-13.2142
-121.87
112.596
76.5375
-54.8563
-19.0779
-135.073
-37.6846
104.054
74.0607
-75.8593
86.1741
31.7099
-62.0525
42.5351
38.6536
-127.956
-73.2257
-44.1689
-153.372
-57.105
-104.798
94.4553
-71.3137
-47.3355
1.49049
-50.6022
13.4464
-55.1652
109.008
-27.1678
-116.23
0.0970917
211.058
-62.9512
32.546
26.5651
88.9532
29.0648
187.696
-79.5203
141.419
78.4126
-14.2392
-106.497
-32.7442
3.14854
-13.5136
20.8174
-15.3227
-3.72851
-7.44578
-9.00983
8.93155
-16.0105
-11.9885
3.60988
-8.15765
-11.8809
21.5471
-20.3368
9.17639
-18.413
2.89878
14.0993
-19.5425
-5.74067
-6.15452
16.5187
-12.5363
12.9797
-21.5348
-12.4147
-8.19292
0.500146
-4.84499
-6.39863
-15.442
-1.65739
-4.07684
-16.8937
20.9994
2.74217
-7.93396
14.4744
11.8353
20.4353
-8.91632
-17.1837
-15.9715
-0.568699
-13.5027
18.7807
-0.233944
2.21746
21.3588
-0.0704135
-13.9948
-15.0143
-4.22878
-0.660012
19.6485
0.590207
3.08153
-19.2132
14.5186
21.3544
8.09817
21.8517
-9.13255
16.9408
-19.8411
-8.03522
7.27467
-0.350495
-6.91684
-7.89162
-8.22204
12.2905
2.08919
-1.383
0.661047
8.67614
-2.83116
-4.12382
-2.10549
-0.506495
-13.1661
8.4061
-4.46814
3.86666
19.7827
-12.0137
-14.4307
1.29485
1.76505
-12.5593
-5.95164
-7.35543
-16.5547
14.2923
-17.477
-13.5251
-13.9416
3.1986
4.30573
0.852729
-24.8287
-21.5999
-14.658
1.0897
6.54285
-12.9759
-11.6459
-13.9332
19.2352
8.22544
-3.72499
-14.8942
-10.3873
-21.197
10.5434
-16.3827
0.458315
-16.8774
4.08636
14.4506
-7.82025
-18.7908
-21.2798
-10.9287
16.1771
-16.0216
-3.47239
-11.7058
16.0723
-16.4975
1.82776
15.7273
-12.971
11.1161
-5.44853
9.26876
-15.3792
-6.3867
14.0055
24.8997
-19.99
-1.93699
-17.0463
-6.05601
-1.92239
22.8395
-1.90531
12.5045
17.4752
-14.5192
14.3195
-11.9653
-6.54641
10.4417
-4.93254
-11.4006
-15.9538
15.0677
-16.5822
9.17873
-19.802
12.2746
1.92987
-9.93287
-1.59916
22.0469
-17.0879
2.38323
-7.28887
-18.3756
0.645373
4.62557
-3.33152
2.47621
15.3559
21.5059
-2.92864
-7.31965
6.79585
3.07196
5.58766
8.16489
3.44874
16.2698
-3.39152
-12.928
17.3439
-2.34807
-23.9528
-15.5927
0.673588
-14.4639
19.1518
-21.5059
-7.17329
0.538872
16.9699
3.51498
19.3208
-4.01083
-3.48006
-5.88481
-21.0164
21.0782
-15.8108
12.955
21.8185
-1.42545
-11.0137
13.0689
-14.365
21.8292
-4.65563
5.41412
12.9705
21.6803
10.4685
7.30187
8.82919
9.98272
17.5709
-16.9515
14.9037
10.0915
-13.1766
-4.7787
-12.6823
-22.6436
5.66943
-16.3608
-0.523463
-2.61054
-1.1149
-4.33624
-11.4651
5.26783
-1.91647
-14.7287
-15.6705
7.77584
15.7131
-10.7503
10.2714
-6.58511
20.5757
4.84642
-2.09771
15.3954
-5.05762
20.8067
4.06122
-13.0581
-17.5591
6.90821
27.4344
-14.6811
7.04496
-6.85036
-8.03946
-5.14107
-8.68291
6.30774
11.1483
21.6221
-9.79386
25.0965
1.63288
8.753
-12.9893
6.56653
0.356052
-12.2537
-17.5118
-13.5821
4.93974
-20.4511
2.31453
14.6394
9.45695
18.4012
17.6782
-0.107032
-16.4987
21.5207
12.4782
-9.35899
-13.5656
5.3611
-2.87426
-5.92671
-10.0902
3.2497
14.5265
20.0315
3.70639
-14.8533
13.1023
-8.94638
8.76364
-18.2918
-16.0649
-10.0511
-12.8388
-13.6206
-4.38649
8.83914
-12.3397
-17.2159
6.61356
-19.618
-18.2483
4.22213
-2.74341
-11.8824
2.62768
-6.03875
-6.50703
5.36429
-19.2759
6.34474
15.7861
-13.1228
-6.35368
14.4529
-17.547
-19.819
-18.0483
17.3185
-8.38793
15.3149
19.0266
-4.45283
-14.7362
-13.8122
1.92658
0.877357
15.0269
9.58687
3.66147
1.64049
9.96886
5.41315
-14.1374
-12.7746
13.5307
8.4903
1.1867
-12.9763
-6.14541
1.91077
13.3684
