124.689
27.2129
-52.0502
21.9326
-84.4315
-46.5268
47.7031
-22.1109
-23.2375
91.8135
-37.0353
7.93761
-95.9663
69.8273
-83.0666
-47.6091
-37.4254
-24.9315
-48.2002
-11.952
-14.6482
-113.591
-30.7465
4.60035
17.5929
-9.41365
-91.6786
-38.2519
-11.3072
110.577
30.8907
-28.8999
-19.8235
102.35
-29.0589
128.262
-0.00437567
-23.7626
-34.7599
0.00320413
52.8047
-95.3592
17.3426
21.9934
-10.4175
-21.1096
64.5782
-27.2236
48.6362
24.7955
-117.396
37.3764
-93.6438
-0.715576
-112.245
-78.1157
6.08396
-53.1978
37.4333
-35.5685
6.91222
-8.04483
-85.9981
13.5554
18.5046
22.1648
-23.8369
8.38128
-81.1098
-53.9092
-10.9324
43.7919
-10.0135
113.3
59.5353
44.471
57.4334
-56.5148
-35.7001
134.732
17.8244
90.1042
-26.2294
26.1303
10.0953
-60.8046
91.3416
-15.3084
11.9739
76.474
23.2186
27.3742
21.436
-19.6377
29.0816
12.4715
-18.853
17.5279
0.864417
-55.3906
4.93739
-7.33531
41.9503
5.56632
-45.7459
3.40466
-106.266
46.4009
61.0802
66.0176
-4.07343
-40.7024
-44.4646
-26.1612
74.2373
58.2973
-23.9036
0.100231
-46.8774
12.9558
-16.1793
-103.049
-13.9642
-74.6655
4.77229
51.4533
3.68648
48.768
78.6338
72.3338
50.217
-8.81582
-23.7323
-16.4711
-12.0802
13.3548
-13.0652
44.996
-28.6793
53.8952
51.5789
48.2405
33.4088
-8.14679
23.4706
-15.3987
40.1162
29.1666
40.7117
-33.417
-89.1667
46.5125
38.4083
71.3697
-65.2228
-45.5104
-21.7166
33.0738
-34.4419
-23.8467
-97.1779
-77.5078
24.3153
32.867
12.1492
-21.5892
8.1433
-5.60805
26.7103
57.0116
3.37004
-66.0828
-87.1439
44.2215
-21.8625
20.5964
-29.2872
-31.5443
57.9247
-62.8271
-65.2835
38.3093
46.5975
37.1122
-18.9104
-58.3531
6.32956
-12.5024
-92.2106
-4.35396
-64.9835
58.6652
59.3594
36.7101
-28.3915
-25.4177
-50.524
12.5836
45.8711
-45.7647
-42.2878
42.4311
-79.1983
27.641
-45.4238
-51.8626
56.2297
54.6726
13.7635
9.68088
-16.5873
-26.0134
6.46454
-50.1126
21.5374
-47.4637
64.5059
27.5797
-24.1808
28.0734
-104.073
-41.3554
-63.0984
10.225
6.23878
-5.88102
-0.281466
-48.2722
-43.3318
114.907
70.8319
-32.8459
66.4744
98.4024
-7.55616
-55.0736
94.132
72.7663
-78.2667
-101.575
73.7236
102.942
-91.3861
66.2282
53.6372
-60.0566
17.1899
94.7662
77.6556
40.4168
-32.1485
-21.6337
40.2739
-6.58168
-29.792
63.4736
46.9602
18.4164
-21.9376
15.7655
17.6914
76.4
28.3259
-84.9194
-19.2037
-43.6238
-16.1617
15.277
49.3536
2.61612
59.1712
66.3073
58.3008
-21.3854
-76.1796
-7.6045
43.0588
-52.5651
-32.4576
-28.1891
65.834
24.122
9.92386
-79.0277
-37.3394
68.3872
74.9021
44.2358
11.4767
67.4405
36.822
-25.645
-36.7174
-22.7238
39.9042
-13.0571
57.8177
-45.0941
-34.1704
51.5454
19.7815
5.00169
-41.7006
27.9711
-10.5899
12.7399
60.0804
54.6021
-20.5421
7.2396
-3.21116
-56.1182
17.4659
63.2858
-92.1589
-8.26618
-38.9514
-109.877
11.9269
-45.5557
-90.7726
-56.2086
-17.0635
48.7006
-32.154
-60.1918
-6.7429
33.956
106.923
-137.484
7.27841
-34.6501
-7.54033
18.6081
-17.3573
58.7202
-35.4889
-64.7213
73.3227
-31.2875
-32.6795
-12.0915
-61.6043
-128.209
40.8106
29.4408
-18.1518
78.032
10.678
1.68674
-87.022
17.5285
101.785
-10.5791
-52.4284
10.8086
-25.2453
-8.69823
37.3277
8.38724
-27.0152
-25.6738
9.2517
82.4669
-6.79568
81.9124
-14.001
82.4921
-1.35418
-48.1873
-22.9355
-1.53946
21.97
-58.7508
53.6935
93.6774
125.391
45.4693
24.4078
84.6592
-37.9786
-69.5335
-69.1784
-26.5637
38.995
8.08075
-32.0759
66.6908
-33.7172
6.29402
-6.18034
0.726913
52.4901
-47.6915
-7.35831
-4.25943
-58.6914
-59.0429
58.027
-19.7197
26.0194
-15.6112
-96.1822
50.8191
-63.5673
-96.8632
9.85982
-74.8999
31.7173
-2.11918
-74.129
-30.1043
-57.5243
-8.8147
19.3143
-40.6613
16.114
111.601
4.06559
5.53962
17.5212
-18.894
-101.544
-84.0371
-44.2389
-77.4479
-2.44616
-97.8436
-68.0296
-29.3194
-74.6034
-94.508
16.9255
-29.7571
48.0016
93.8471
-20.5882
123.295
3.85547
11.4507
13.8118
-59.5639
-111.001
35.5737
45.7164
-78.7195
6.62172
2.59896
-2.9349
-2.95139
-65.3017
9.90575
-44.8364
158.323
-9.2468
-32.1925
-83.3912
31.5499
6.49722
67.6065
40.1921
-76.5423
77.8742
88.4354
-33.9087
-6.92908
49.1584
64.0853
-81.5871
-22.8145
32.3065
-34.9228
31.7128
93.2366
-18.6291
-42.7902
-120.576
-51.6581
38.2181
-39.3467
70.5236
14.382
-13.4681
36.9085
-50.4638
55.5028
-117.767
12.3645
-0.61958
39.9715
24.7569
-49.5246
30.8335
22.7252
53.0274
-69.8786
-15.8212
18.9269
-79.0287
-19.4959
56.1402
20.2269
-99.4877
-27.8482
68.1354
-12.759
45.7998
10.3588
-39.0561
-32.9191
-8.89263
30.3885
49.4841
-40.6894
121.405
-10.7148
-26.7661
29.2853
46.1077
-121.263
-45.2147
-34.1214
-41.1966
3.64172
49.9227
-12.6238
-50.0019
53.2207
-83.7394
6.0552
34.9613
15.7969
54.3822
36.5585
-18.7544
48.1039
3.89668
-36.7761
-14.6338
-44.2182
-11.6748
17.6787
-42.3031
-39.6763
-66.4625
-24.5779
-10.8094
-8.77725
10.2903
-23.8427
68.9559
20.8347
-18.708
-19.9989
-28.8904
-36.7242
-91.4745
-38.9226
45.5359
-16.6525
111.883
121.563
1.56018
-70.4704
65.3889
-69.1313
31.0063
-22.4174
30.1486
-19.3266
-3.59901
-105.24
21.1046
-10.5933
22.2339
-13.3494
144.484
26.2114
-10.1001
-43.4336
3.84586
-39.5304
28.7617
-28.4763
17.3817
3.58425
-97.8203
69.0989
17.7637
-10.3634
-49.5931
107.634
-78.8808
12.7463
-17.2556
-23.0182
-35.6302
-55.7312
53.393
-23.8228
-42.1444
18.3657
36.1448
4.98152
-31.4036
128.906
-65.222
-66.6852
-82.0878
75.5955
51.3536
15.1058
94.6774
-22.9622
-19.1776
35.1927
7.64403
-69.5879
-87.1044
-64.3193
27.5202
12.3415
78.0991
-79.7623
96.1297
-110.023
-8.26932
15.1044
-21.8575
-95.4469
1.65351
-27.6344
-29.0238
89.5387
44.8375
-9.39886
-15.9193
72.7134
31.6422
11.6685
-46.4639
40.0059
-6.63089
9.80069
26.6108
18.9354
12.5711
4.51856
-80.6391
104.809
-38.795
7.53311
11.4817
-37.3463
11.5285
-1.86182
6.96399
-25.6255
66.3182
18.8606
31.4253
23.4266
-9.87977
24.5263
-21.6767
53.9505
31.6058
-89.3325
5.77969
104.62
70.8442
71.1972
22.611
16.2573
-11.7769
27.3191
52.3882
6.95561
-115.533
126.334
-50.7913
4.72502
-31.2547
59.2157
-30.8609
30.4015
7.35894
83.1065
42.8416
49.6879
-67.0869
56.9922
15.4591
65.978
67.831
61.9886
30.9376
42.7007
-64.3372
54.6958
63.9467
42.3587
-73.077
-66.9258
35.3674
-50.1202
46.9244
45.6567
26.5989
24.4811
-50.9974
-40.2421
69.9451
54.2881
80.4267
-33.9069
-11.5852
25.0227
77.9279
29.7139
26.8387
-26.9512
17.2918
-4.79404
-66.0055
-29.1187
80.5509
-42.7728
16.936
-50.6279
-61.7874
-7.7432
-42.7106
-60.4323
52.9905
-31.5794
-31.8551
-50.1708
23.3343
-61.0306
122.851
-14.6594
13.2801
-26.6553
67.8716
26.9917
-45.18
-58.9271
62.9913
-20.0603
11.3367
7.26284
-16.7477
13.9351
-12.4223
18.0638
-16.3028
17.3929
0.985942
7.0586
-12.6842
7.49393
-7.74715
-18.4372
17.9734
-2.07513
2.40329
-4.5139
17.2416
15.8617
-8.08196
-19.9246
-4.08531
-1.14965
16.271
14.8819
-3.97284
-10.0862
-6.61541
18.1683
-10.6663
-18.6163
3.62689
-13.3277
13.3497
9.8092
-14.7649
-18.2938
7.62994
6.64682
10.5909
15.7652
-4.20405
-19.4955
16.8586
-10.6177
-2.77907
2.32716
3.6786
-4.1696
-9.08713
16.8124
-2.52689
10.0986
-2.48195
-5.98011
7.47222
10.0015
3.52437
15.3999
10.6033
12.7593
19.0032
-11.7701
-10.8202
15.1129
-20.3929
-8.69301
18.7858
5.81241
-23.7392
8.49755
5.74931
-5.88905
4.99386
1.46497
5.10589
-17.7823
-19.2526
-13.068
-15.9281
-9.39744
-15.6584
15.8242
-16.9766
-3.57851
-2.01865
6.78031
-11.9693
18.4218
9.62555
13.5486
13.3119
5.59113
-16.7615
-19.4524
-1.46817
-17.3653
-7.23156
-6.16194
11.8713
-2.89442
-21.3496
-3.29894
9.95471
6.37019
18.3165
-5.5065
7.84559
18.1872
0.901777
-10.4657
-7.13749
7.16382
-14.1056
-8.25643
-12.9003
2.02791
-18.6851
-6.66414
-0.609411
6.18105
-14.6063
-5.99506
-5.43921
-9.53175
-4.35287
17.7462
-9.23054
8.51422
-9.31842
-14.2735
-16.0939
-9.02629
3.18198
14.38
17.4032
3.27983
-7.30519
9.27416
-0.334321
13.2617
12.25
12.3465
1.92132
16.6001
-12.8633
4.94162
-4.59687
-6.67654
17.3125
18.5049
20.2341
-19.7898
-5.30999
-6.25744
-7.2823
11.6382
-12.0097
2.11835
1.14969
-0.79393
11.5409
3.27564
8.61998
-3.54653
-0.587418
6.47459
20.6748
6.48813
-12.8236
-1.29552
2.88572
-16.9327
-6.53982
-18.356
-16.1664
-2.7613
4.12392
1.29081
12.5485
0.404047
-0.926953
9.48051
5.654
15.6308
-15.5041
14.0664
5.69743
-8.94034
-0.497045
-15.1673
10.5048
-8.47588
9.2985
2.1954
4.86673
-13.5027
-12.8691
10.5587
13.1046
-0.52234
-14.0354
-7.09351
1.59887
3.15241
-4.40888
7.23007
-19.7752
-19.0116
-11.57
11.9464
3.63255
11.0164
3.59108
-11.8005
10.3573
2.10622
-15.3556
-8.44316
13.6984
3.38694
2.96423
6.3062
13.6493
-9.47669
-15.2426
5.02289
-0.829659
-7.23719
-12.7375
-11.1719
14.7707
-4.16175
3.29783
-3.47533
16.8816
17.7834
-14.4326
-17.638
-13.9444
-4.26382
14.9636
2.38853
-14.8822
-5.18822
16.2352
11.1395
17.4669
18.6279
-10.1762
12.5691
-2.7561
8.19607
-2.15162
-10.09
18.5841
1.80677
18.734
-5.54812
17.3424
-18.8945
4.80632
9.35016
1.62461
-10.4694
-15.1412
-1.54858
-12.2043
-14.0325
0.619254
-11.7152
2.49933
-4.26853
15.5027
4.69762
7.62205
2.4509
-1.74159
3.52735
1.19274
8.53863
-4.1132
12.917
-5.46427
13.6047
-5.17637
-6.432
-3.56025
-10.3461
8.73492
-4.80105
-9.34239
-3.13907
-14.5972
14.3588
0.752263
-10.4003
-6.06832
10.5691
-2.09804
13.197
19.028
18.3538
-13.3948
11.2403
3.92535
13.7411
-4.41254
-16.7567
-1.72246
15.7773
11.2582
15.186
15.1698
-11.5092
9.9428
-11.9548
4.30758
-11.2911
-3.94267
-5.42375
4.80441
7.96719
9.06337
10.2707
0.78389
-8.03648
-19.4043
13.3667
-17.2855
-1.50233
6.56372
-18.2575
-3.14848
13.169
12.9828
-19.2231
6.9101
-11.4297
-15.9799
-14.8124
-15.6524
15.2783
-19.6264
19.5174
-16.2308
10.3164
-12.4374
8.07675
19.0253
3.61992
